gender;age;bmi_3;bmi_5;bmi_10;bmi_25;bmi_50;bmi_75;bmi_85;bmi_90;bmi_95;bmi_97
M;2;14.52095;14.73732;15.09033;15.74164;16.57503;17.55719;18.16219473;18.60948128;19.33801062;19.85985812
M;2.041666667;14.50348;14.71929;15.07117;15.71963;16.54777;17.52129;18.11954923;18.56110634;19.27889813;19.79194014
M;2.125;14.46882;14.68361;15.03336;15.67634;16.49443;17.45135;18.03668013;18.46729593;19.16465965;19.66102345
M;2.208333333;14.4346;14.64843;14.9962;15.63403;16.4426;17.38384;17.95700228;18.37736191;19.05567423;19.5365754
M;2.291666667;14.40083;14.61379;14.95969;15.59268;16.39224;17.31871;17.88047101;18.29125345;18.9518675;19.41848805
M;2.375;14.36755;14.57969;14.92385;15.55226;16.34334;17.25593;17.80704259;18.20892041;18.85316529;19.30665411
M;2.458333333;14.33478;14.54615;14.88866;15.51275;16.29584;17.19546;17.73667414;18.1303131;18.75949359;19.20096691
M;2.541666667;14.30257;14.51319;14.85414;15.47414;16.24972;17.13726;17.66932346;18.05538214;18.67077841;19.10132056
M;2.625;14.27093;14.48084;14.82027;15.43639;16.20495;17.0813;17.6049486;17.98407812;18.58694589;19.00761051
M;2.708333333;14.23989;14.44909;14.78707;15.39951;16.1615;17.02753;17.54350898;17.91635198;18.50792131;18.91973125
M;2.791666667;14.20948;14.41798;14.75453;15.36345;16.11933;16.97592;17.48496295;17.85215384;18.43363072;18.83758072
M;2.875;14.17972;14.3875;14.72264;15.32822;16.07843;16.92645;17.42926933;17.79143359;18.3639996;18.76105711
M;2.958333333;14.15063;14.35767;14.69142;15.29379;16.03876;16.87907;17.37638677;17.73414053;18.29895323;18.69005992
M;3.041666667;14.12223;14.32851;14.66086;15.26016;16.0003;16.83376;17.32627356;17.68022325;18.23841666;18.62449011
M;3.125;14.09453;14.30002;14.63096;15.22731;15.96304;16.79048;17.27888795;17.62962965;18.1823144;18.5642493
M;3.208333333;14.06756;14.27222;14.60173;15.19523;15.92695;16.7492;17.23418554;17.58230587;18.13057244;18.50924478
M;3.291666667;14.04132;14.2451;14.57316;15.16392;15.89203;16.70988;17.19212545;17.53819888;18.08311311;18.45937719
M;3.375;14.01582;14.21868;14.54527;15.13337;15.85824;16.67251;17.15266201;17.49725289;18.03986198;18.41455697
M;3.458333333;13.99107;14.19297;14.51805;15.10359;15.82559;16.63704;17.11575098;17.45941207;18.00074262;18.37469187
M;3.541666667;13.96707;14.16796;14.49151;15.07458;15.79406;16.60345;17.08134677;17.42461935;17.96567903;18.33969264
M;3.625;13.94383;14.14367;14.46566;15.04633;15.76364;16.5717;17.04940504;17.39281759;17.9345935;18.30946785
M;3.708333333;13.92133;14.12009;14.4405;15.01886;15.73434;16.54177;17.0198786;17.36394785;17.90741007;18.28393204
M;3.791666667;13.89959;14.09723;14.41604;14.99218;15.70614;16.51364;16.99272087;17.33795095;17.88405183;18.26299911
M;3.875;13.87858;14.07509;14.39229;14.96629;15.67904;16.48726;16.96788739;17.31476822;17.86443983;18.24657949
M;3.958333333;13.85832;14.05366;14.36926;14.9412;15.65305;16.46262;16.94533215;17.29433999;17.84849622;18.2345875
M;4.041666667;13.83877;14.03296;14.34695;14.91694;15.62817;16.4397;16.92501028;17.27660684;17.8361423;18.22693633
M;4.125;13.81995;14.01296;14.32537;14.89351;15.60441;16.41846;16.90687779;17.26150966;17.82729891;18.22353875
M;4.208333333;13.80182;13.99367;14.30453;14.87093;15.58176;16.39889;16.89089179;17.24898984;17.8218865;18.22430691
M;4.291666667;13.78439;13.97509;14.28444;14.84921;15.56025;16.38097;16.87701073;17.23898952;17.81982523;18.22915216
M;4.375;13.76763;13.95722;14.2651;14.82838;15.53987;16.36468;16.86519374;17.23145142;17.82103559;18.23798637
M;4.458333333;13.75152;13.94003;14.24651;14.80844;15.52065;16.35001;16.85540483;17.22632105;17.82543578;18.25071444
M;4.541666667;13.73606;13.92353;14.22868;14.78941;15.50258;16.33693;16.8476049;17.22354286;17.83294744;18.26724918
M;4.625;13.72123;13.90771;14.21162;14.7713;15.48569;16.32545;16.84175987;17.22306443;17.84349028;18.28749643
M;4.708333333;13.70702;13.89257;14.19532;14.75414;15.46998;16.31554;16.8378366;17.22483458;17.85698505;18.31136265
M;4.791666667;13.6934;13.87809;14.17979;14.73792;15.45546;16.3072;16.83580365;17.22880383;17.87335318;18.33875356
M;4.875;13.68036;13.86426;14.16503;14.72266;15.44214;16.30042;16.83563223;17.23492502;17.89251642;18.36957256
M;4.958333333;13.6679;13.85108;14.15103;14.70836;15.43003;16.29518;16.83729272;17.24315148;17.91439894;18.40372671
M;5.041666667;13.656;13.83855;14.1378;14.69504;15.41914;16.29148;16.84075838;17.25343909;17.93892524;18.44112021
M;5.125;13.64464;13.82665;14.12534;14.68269;15.40947;16.28932;16.84600319;17.26574515;17.96602144;18.48165813
M;5.208333333;13.63383;13.81537;14.11363;14.67133;15.40103;16.28868;16.85300198;17.28002846;17.99561523;18.52524599
M;5.291666667;13.62355;13.80472;14.10268;14.66094;15.39382;16.28955;16.86173124;17.29624981;18.02763543;18.57178832
M;5.375;13.61379;13.79469;14.09249;14.65154;15.38783;16.29192;16.87216519;17.31436954;18.06201396;18.62119533
M;5.458333333;13.60456;13.78527;14.08305;14.64312;15.38307;16.29578;16.88428085;17.33435063;18.09868317;18.67337395
M;5.541666667;13.59584;13.77646;14.07436;14.63567;15.37953;16.30113;16.89805459;17.35615653;18.13757754;18.72823379
M;5.625;13.58764;13.76825;14.06642;14.6292;15.37721;16.30794;16.91346275;17.37975148;18.17863327;18.78568583
M;5.708333333;13.57996;13.76065;14.05921;14.62369;15.37609;16.3162;16.93048153;17.40510042;18.22178824;18.84564261
M;5.791666667;13.57278;13.75364;14.05274;14.61914;15.37618;16.3259;16.94908693;17.43216882;18.26698191;18.90801826
M;5.875;13.56612;13.74724;14.04701;14.61555;15.37745;16.33702;16.96925461;17.46092258;18.31415529;18.97272855
M;5.958333333;13.55998;13.74144;14.042;14.6129;15.37991;16.34955;16.99095993;17.49132795;18.36325085;19.03969094
M;6.041666667;13.55435;13.73624;14.03772;14.6112;15.38353;16.36346;17.01417786;17.52335144;18.41421242;19.10882456
M;6.125;13.54925;13.73164;14.03417;14.61042;15.38831;16.37875;17.03888299;17.55695978;18.46698511;19.18005024
M;6.208333333;13.54467;13.72764;14.03134;14.61057;15.39423;16.39537;17.06504953;17.59211982;18.52151524;19.25329044
M;6.291666667;13.54062;13.72424;14.02922;14.61163;15.40127;16.41333;17.09265223;17.62879914;18.57774996;19.32846782
M;6.375;13.5371;13.72145;14.02783;14.61359;15.40943;16.4326;17.12166319;17.66696377;18.63563816;19.4055104
M;6.458333333;13.53412;13.71927;14.02714;14.61645;15.41869;16.45315;17.15205629;17.70658129;18.69512904;19.48434431
M;6.541666667;13.53168;13.71769;14.02717;14.6202;15.42902;16.47496;17.18380454;17.74761885;18.75617288;19.56489823
M;6.625;13.5298;13.71672;14.02791;14.62483;15.44042;16.49801;17.21688072;17.7900437;18.81872078;19.64710224
M;6.708333333;13.52846;13.71637;14.02935;14.63032;15.45288;16.52229;17.25125697;17.83382275;18.88272474;19.7308886
M;6.791666667;13.52768;13.71663;14.0315;14.63668;15.46636;16.54776;17.28690708;17.87892434;18.948137;19.81618799
M;6.875;13.52747;13.71751;14.03435;14.64389;15.48087;16.5744;17.32380254;17.9253152;19.01491107;19.902936
M;6.958333333;13.52782;13.71901;14.03791;14.65194;15.49637;16.60219;17.3619157;17.97296286;19.08300081;19.99106797
M;7.041666667;13.52874;13.72113;14.04216;14.66082;15.51287;16.63112;17.40121891;18.02183493;19.15236073;20.08052042
M;7.125;13.53025;13.72387;14.04711;14.67054;15.53034;16.66114;17.44168456;18.07189919;19.22294589;20.17123104
M;7.208333333;13.53233;13.72724;14.05276;14.68107;15.54876;16.69225;17.48328513;18.12312353;19.29471191;20.2631386
M;7.291666667;13.535;13.73124;14.0591;14.69241;15.56812;16.72442;17.52599317;18.17547605;19.36761493;20.35618297
M;7.375;13.53826;13.73587;14.06613;14.70455;15.58841;16.75763;17.56978138;18.22892501;19.44161165;20.45030507
M;7.458333333;13.54212;13.74113;14.07386;14.71749;15.60961;16.79185;17.61462266;18.28343882;19.51665894;20.54544624
M;7.541666667;13.54657;13.74702;14.08228;14.73121;15.63171;16.82707;17.66048985;18.33898626;19.59271539;20.64155132
M;7.625;13.55163;13.75355;14.09138;14.74571;15.65469;16.86325;17.70735632;18.39553611;19.6697383;20.73856241
M;7.708333333;13.55729;13.76071;14.10116;14.76099;15.67853;16.90039;17.75519541;18.45305756;19.74768666;20.83642509
M;7.791666667;13.56356;13.76852;14.11163;14.77703;15.70323;16.93845;17.80398077;18.51151998;19.82651963;20.93508525
M;7.875;13.57044;13.77695;14.12279;14.79382;15.72877;16.97742;17.85368626;18.57089304;19.90619689;21.03448975
M;7.958333333;13.57793;13.78603;14.13462;14.81136;15.75513;17.01727;17.90428602;18.63114669;19.98667859;21.13458634
M;8.041666667;13.58604;13.79575;14.14712;14.82965;15.78231;17.05799;17.95575444;18.69225117;20.06792538;21.2353237
M;8.125;13.59477;13.8061;14.1603;14.84867;15.81029;17.09955;18.00806622;18.75417705;20.1498984;21.33665138
M;8.208333333;13.60411;13.8171;14.17416;14.86841;15.83905;17.14193;18.06119653;18.81689537;20.23255928;21.4385195
M;8.291666667;13.61408;13.82873;14.18868;14.88888;15.86858;17.18512;18.1151201;18.8803769;20.31587026;21.54088032
M;8.375;13.62467;13.84101;14.20387;14.91006;15.89888;17.22909;18.16981303;18.94459357;20.39979379;21.64368493
M;8.458333333;13.63588;13.85392;14.21972;14.93194;15.92992;17.27383;18.22525119;19.00951733;20.48429323;21.74688677
M;8.541666667;13.64771;13.86747;14.23624;14.95453;15.96169;17.31932;18.28141055;19.07512019;20.56933216;21.85043987
M;8.625;13.66017;13.88166;14.25341;14.9778;15.99419;17.36552;18.33826774;19.14137485;20.6548748;21.95429887
M;8.708333333;13.67325;13.89648;14.27124;15.00176;16.02741;17.41244;18.39579999;19.20825462;20.74088584;22.05841878
M;8.791666667;13.68696;13.91194;14.28972;15.0264;16.06132;17.46005;18.45398355;19.27573205;20.82733059;22.16275742
M;8.875;13.70129;13.92804;14.30884;15.05172;16.09591;17.50833;18.51279647;19.34378135;20.9141748;22.26727123
M;8.958333333;13.71624;13.94476;14.32862;15.07769;16.13119;17.55726;18.57221621;19.41237631;21.00138483;22.37191887
M;9.041666667;13.73182;13.96212;14.34903;15.10433;16.16712;17.60683;18.63222223;19.48149248;21.08892746;22.47665729
M;9.125;13.74801;13.9801;14.37008;15.13161;16.20371;17.65702;18.69279128;19.55110329;21.17677023;22.58144893
M;9.208333333;13.76483;13.99871;14.39177;15.15954;16.24094;17.7078;18.75390266;19.62118443;21.26488107;22.68625363
M;9.291666667;13.78227;14.01795;14.41409;15.1881;16.2788;17.75918;18.81553565;19.69171163;21.3532285;22.79103265
M;9.375;13.80033;14.0378;14.43703;15.2173;16.31728;17.81112;18.87766958;19.76266083;21.44178165;22.89574847
M;9.458333333;13.819;14.05828;14.46059;15.24712;16.35637;17.86361;18.94028419;19.83400841;21.53051015;23.00036429
M;9.541666667;13.83828;14.07937;14.48478;15.27755;16.39606;17.91664;19.00335954;19.90573115;21.61938426;23.10484416
M;9.625;13.85818;14.10107;14.50957;15.30859;16.43633;17.9702;19.06687603;19.97780623;21.70837477;23.20915296
M;9.708333333;13.87868;14.12338;14.53498;15.34024;16.47718;18.02425;19.13081436;20.05021121;21.79745308;23.31325641
M;9.791666667;13.89979;14.1463;14.56099;15.37248;16.5186;18.07879;19.19515554;20.12292406;21.88659115;23.41712109
M;9.875;13.92151;14.16982;14.5876;15.40531;16.56057;18.13381;19.25988094;20.19592313;21.97576153;23.5207144
M;9.958333333;13.94382;14.19394;14.61481;15.43872;16.60309;18.18929;19.3249722;20.26918717;22.06493737;23.62400462
M;10.04166667;13.96673;14.21866;14.6426;15.4727;16.64614;18.24521;19.3904113;20.34269534;22.15409238;23.72696086
M;10.125;13.99024;14.24396;14.67098;15.50725;16.68972;18.30156;19.45618042;20.41642709;22.24320091;23.82955322
M;10.20833333;14.01433;14.26985;14.69994;15.54236;16.73381;18.35833;19.52226247;20.49036263;22.33223786;23.93175206
M;10.29166667;14.03901;14.29633;14.72948;15.57803;16.7784;18.4155;19.58864006;20.56448202;22.42117875;24.0335295
M;10.375;14.06427;14.32338;14.75958;15.61424;16.8235;18.47306;19.65529649;20.63876611;22.5099997;24.1348579
M;10.45833333;14.09011;14.35101;14.79025;15.65099;16.86907;18.53099;19.72221531;20.71319602;22.59867744;24.23571063
M;10.54166667;14.11653;14.3792;14.82148;15.68826;16.91512;18.58928;19.78938034;20.78775327;22.68718928;24.33606191
M;10.625;14.14351;14.40796;14.85326;15.72607;16.96164;18.64792;19.85677572;20.86241981;22.77551316;24.43588681
M;10.70833333;14.17106;14.43727;14.88558;15.76439;17.00862;18.70689;19.92438591;20.93717795;22.86362762;24.53516127
M;10.79166667;14.19916;14.46714;14.91845;15.80322;17.05604;18.76619;19.99219565;21.01201043;22.95151182;24.63386207
M;10.875;14.22782;14.49756;14.95184;15.84255;17.1039;18.82579;20.06019002;21.08690037;23.03914551;24.73196683
M;10.95833333;14.25703;14.52852;14.98577;15.88237;17.15218;18.8857;20.12835437;21.1618313;23.12650908;24.82945404
M;11.04166667;14.28678;14.56001;15.02022;15.92268;17.20089;18.94588;20.19667437;21.23678716;23.21358351;24.92630305
M;11.125;14.31707;14.59203;15.05519;15.96347;17.25;19.00634;20.265136;21.31175226;23.30035043;25.02249405
M;11.20833333;14.34789;14.62458;15.09066;16.00473;17.29951;19.06706;20.33372554;21.38671134;23.38679204;25.11800807
M;11.29166667;14.37924;14.65765;15.12664;16.04646;17.34942;19.12803;20.40242956;21.46164953;23.4728912;25.21282703
M;11.375;14.41111;14.69122;15.16311;16.08864;17.3997;19.18924;20.4712365;21.53655365;23.55863129;25.3069313
M;11.45833333;14.44349;14.72531;15.20007;16.13127;17.45036;19.25067;20.54013114;21.61140764;23.64399652;25.40030815
M;11.54166667;14.47638;14.75989;15.23751;16.17434;17.50138;19.31232;20.60910189;21.6861986;23.72897155;25.49294066
M;11.625;14.50977;14.79496;15.27543;16.21784;17.55276;19.37417;20.6781365;21.76091323;23.81354171;25.58481418
M;11.70833333;14.54365;14.83052;15.31381;16.26177;17.60448;19.43622;20.74722303;21.83553865;23.89769296;25.67591492
M;11.79166667;14.57802;14.86655;15.35265;16.30612;17.65653;19.49845;20.81634983;21.91006237;23.98141187;25.76622996
M;11.875;14.61287;14.90306;15.39195;16.35087;17.70892;19.56086;20.88550554;21.98447229;24.06468566;25.85574725
M;11.95833333;14.64819;14.94002;15.43169;16.39603;17.76162;19.62342;20.95467909;22.05875672;24.14750216;25.94445561
M;12.04166667;14.68398;14.97745;15.47187;16.44158;17.81463;19.68614;21.02385969;22.13290433;24.22984982;26.0323447
M;12.125;14.72022;15.01532;15.51248;16.48751;17.86795;19.74901;21.09303687;22.20690421;24.31171774;26.11940509
M;12.20833333;14.75692;15.05363;15.5535;16.53382;17.92155;19.812;21.1622004;22.28074585;24.39309562;26.20562819
M;12.29166667;14.79406;15.09238;15.59495;16.5805;17.97544;19.87512;21.23134038;22.35441912;24.47397382;26.2910063
M;12.375;14.83163;15.13155;15.6368;16.62754;18.02961;19.93836;21.30044717;22.42791427;24.55434332;26.37553258
M;12.45833333;14.86963;15.17113;15.67904;16.67494;18.08404;20.0017;21.36951141;22.50122197;24.63419572;26.45920106
M;12.54166667;14.90804;15.21113;15.72168;16.72267;18.13873;20.06514;21.43852405;22.57433325;24.71352325;26.54200665
M;12.625;14.94687;15.25152;15.7647;16.77074;18.19367;20.12866;21.5074763;22.64723955;24.79231881;26.62394515
M;12.70833333;14.98609;15.2923;15.80809;16.81914;18.24884;20.19227;21.57635964;22.7199327;24.87057587;26.7050132
M;12.79166667;15.02571;15.33347;15.85184;16.86786;18.30426;20.25594;21.64516586;22.79240491;24.9482886;26.78520835
M;12.875;15.06571;15.37501;15.89595;16.91689;18.35989;20.31968;21.71388701;22.86464879;25.02545175;26.86452902
M;12.95833333;15.10609;15.41692;15.94041;16.96621;18.41574;20.38347;21.78251541;22.93665733;25.10206075;26.94297451
M;13.04166667;15.14683;15.45918;15.9852;17.01583;18.4718;20.44731;21.85104367;23.0084239;25.17811163;27.02054498
M;13.125;15.18793;15.50179;16.03032;17.06574;18.52805;20.51119;21.91946467;23.07994228;25.25360108;27.09724149
M;13.20833333;15.22938;15.54474;16.07576;17.11592;18.5845;20.5751;21.98777156;23.15120662;25.32852641;27.173066
M;13.29166667;15.27116;15.58801;16.12151;17.16636;18.64113;20.63903;22.05595776;23.22221145;25.4028856;27.24802132
M;13.375;15.31327;15.63161;16.16756;17.21706;18.69793;20.70298;22.12401698;23.2929517;25.47667722;27.32211115
M;13.45833333;15.3557;15.67551;16.21391;17.26801;18.75489;20.76694;22.19194317;23.36342268;25.54990054;27.39534011
M;13.54166667;15.39843;15.71971;16.26054;17.3192;18.81202;20.8309;22.25973057;23.43362008;25.62255542;27.46771366
M;13.625;15.44147;15.7642;16.30743;17.37062;18.86929;20.89486;22.32737368;23.50353999;25.6946424;27.53923819
M;13.70833333;15.48479;15.80897;16.3546;17.42227;18.9267;20.9588;22.39486727;23.57317887;25.76616263;27.60992094
M;13.79166667;15.52839;15.85401;16.40201;17.47412;18.98424;21.02272;22.46220636;23.64253356;25.83711794;27.67977007
M;13.875;15.57226;15.89931;16.44967;17.52618;19.04191;21.08663;22.52938625;23.71160129;25.90751079;27.74879463
M;13.95833333;15.61638;15.94486;16.49756;17.57843;19.0997;21.15049;22.5964025;23.78037969;25.97734428;27.81700453
M;14.04166667;15.66076;15.99065;16.54568;17.63086;19.15759;21.21433;22.66325092;23.84886673;26.04662217;27.88441062
M;14.125;15.70536;16.03667;16.594;17.68347;19.21558;21.27811;22.7299276;23.91706081;26.11534887;27.95102462
M;14.20833333;15.75019;16.0829;16.64254;17.73624;19.27366;21.34185;22.79642886;23.98496068;26.18352944;28.01685913
M;14.29166667;15.79524;16.12934;16.69126;17.78917;19.33182;21.40554;22.86275131;24.05256549;26.25116959;28.08192768
M;14.375;15.84049;16.17598;16.74017;17.84225;19.39006;21.46916;22.92889179;24.11987476;26.31827569;28.14624467
M;14.45833333;15.88593;16.2228;16.78924;17.89546;19.44837;21.53272;22.99484741;24.18688841;26.38485476;28.20982542
M;14.54166667;15.93155;16.2698;16.83848;17.9488;19.50673;21.5962;23.06061552;24.25360674;26.45091448;28.27268613
M;14.625;15.97734;16.31696;16.88787;18.00225;19.56514;21.65961;23.12619375;24.3200304;26.51646321;28.33484391
M;14.70833333;16.02329;16.36427;16.9374;18.05581;19.6236;21.72294;23.19157996;24.38616048;26.58150994;28.39631678
M;14.79166667;16.06939;16.41172;16.98706;18.10947;19.68208;21.78618;23.25677226;24.4519984;26.64606434;28.45712363
M;14.875;16.11562;16.4593;17.03683;18.16322;19.7406;21.84932;23.32176902;24.517546;26.71013675;28.51728428
M;14.95833333;16.16198;16.507;17.08672;18.21704;19.79912;21.91237;23.38656886;24.5828055;26.77373817;28.57681946
M;15.04166667;16.20844;16.55481;17.1367;18.27093;19.85766;21.97532;23.45117065;24.64777949;26.83688026;28.63575076
M;15.125;16.25501;16.60271;17.18676;18.32488;19.9162;22.03816;23.5155735;24.71247097;26.89957537;28.69410072
M;15.20833333;16.30166;16.6507;17.23689;18.37887;19.97473;22.10089;23.57977678;24.77688329;26.96183652;28.75189275
M;15.29166667;16.34839;16.69875;17.28709;18.4329;20.03324;22.1635;23.6437801;24.84102024;27.02367739;28.80915118
M;15.375;16.39519;16.74687;17.33734;18.48696;20.09172;22.226;23.70758332;24.90488595;27.08511234;28.86590125
M;15.45833333;16.44203;16.79503;17.38763;18.54102;20.15017;22.28837;23.77118654;24.96848498;27.14615643;28.92216908
M;15.54166667;16.48892;16.84323;17.43794;18.5951;20.20858;22.35061;23.83459013;25.03182226;27.20682538;28.97798172
M;15.625;16.53583;16.89146;17.48827;18.64916;20.26694;22.41272;23.89779468;25.09490311;27.2671356;29.03336709
M;15.70833333;16.58276;16.93969;17.53861;18.70321;20.32524;22.47469;23.96080104;25.15773327;27.32710417;29.08835404
M;15.79166667;16.62969;16.98792;17.58893;18.75723;20.38346;22.53652;24.02361032;25.22031884;27.38674888;29.14297232
M;15.875;16.67661;17.03615;17.63924;18.81121;20.44162;22.59821;24.08622386;25.28266636;27.4460882;29.19725256
M;15.95833333;16.72351;17.08434;17.68951;18.86514;20.49968;22.65976;24.14864327;25.34478272;27.50514126;29.25122631
M;16.04166667;16.77038;17.1325;17.73974;18.919;20.55765;22.72115;24.21087038;25.40667527;27.56392793;29.30492601
M;16.125;16.8172;17.18061;17.78991;18.97279;20.61551;22.78239;24.2729073;25.46835171;27.62246873;29.35838499
M;16.20833333;16.86396;17.22865;17.84001;19.0265;20.67326;22.84346;24.33475639;25.52982017;27.68078489;29.41163748
M;16.29166667;16.91065;17.27662;17.89003;19.08011;20.73089;22.90438;24.39641931;25.59108848;27.73889854;29.46472007
M;16.375;16.95725;17.3245;17.93995;19.13361;20.78839;22.96514;24.4579009;25.65216707;27.79683185;29.51766572
M;16.45833333;17.00375;17.37229;17.98977;19.187;20.84574;23.02572;24.51920324;25.71306451;27.85460837;29.57051295
M;16.54166667;17.05015;17.41995;18.03947;19.24025;20.90294;23.08614;24.58032971;25.77379055;27.91225209;29.62329955
M;16.625;17.09642;17.46749;18.08904;19.29335;20.95999;23.14638;24.64128395;25.83435539;27.96978771;29.67606419
M;16.70833333;17.14256;17.51489;18.13846;19.3463;21.01686;23.20645;24.70206989;25.89476963;28.02724061;29.72884644
M;16.79166667;17.18854;17.56214;18.18773;19.39908;21.07356;23.26633;24.76269168;25.95504426;28.08463689;29.78168674
M;16.875;17.23437;17.60923;18.23682;19.45168;21.13007;23.32604;24.82315378;26.01519074;28.1420033;29.83462638
M;16.95833333;17.28002;17.65613;18.28573;19.50409;21.18638;23.38556;24.88346091;26.07522093;28.19936732;29.88770757
M;17.04166667;17.32548;17.70284;18.33444;19.55629;21.24248;23.4449;24.94361805;26.13514709;28.25675709;29.94097335
M;17.125;17.37074;17.74935;18.38294;19.60827;21.29836;23.50404;25.00363048;26.19498193;28.31420146;29.99446764
M;17.20833333;17.41579;17.79564;18.43121;19.66002;21.35402;23.563;25.06350375;26.2547386;28.37172995;30.04823522
M;17.29166667;17.46061;17.8417;18.47925;19.71153;21.40944;23.62176;25.1232437;26.31443063;28.42937274;30.10232173
M;17.375;17.50518;17.88751;18.52703;19.76278;21.46461;23.68033;25.18285645;26.37407203;28.48716074;30.15677367
M;17.45833333;17.54951;17.93306;18.57455;19.81376;21.51952;23.7387;25.24234842;26.4336772;28.54512548;30.21163837
M;17.54166667;17.59356;17.97834;18.62179;19.86445;21.57417;23.79687;25.30172632;26.49326098;28.60329919;30.26696403
M;17.625;17.63734;18.02333;18.66873;19.91485;21.62854;23.85484;25.36099716;26.55283865;28.66171476;30.32279966
M;17.70833333;17.68082;18.06802;18.71537;19.96493;21.68262;23.91261;25.42016826;26.6124259;28.72040572;30.37919514
M;17.79166667;17.72399;18.11239;18.76168;20.01469;21.7364;23.97018;25.47924723;26.67203887;28.77940629;30.43620115
M;17.875;17.76683;18.15644;18.80766;20.06412;21.78988;24.02754;25.538242;26.73169411;28.8387513;30.49386923
M;17.95833333;17.80934;18.20014;18.85328;20.11319;21.84304;24.0847;25.59716095;26.79140871;28.89847621;30.55225152
M;18.04166667;17.8515;18.24349;18.89854;20.1619;21.89587;24.14166;25.65601244;26.85119991;28.9586172;30.61140148
M;18.125;17.89329;18.28646;18.94342;20.21022;21.94836;24.19841;25.71480629;26.91108626;29.0192108;30.67137176
M;18.20833333;17.93471;18.32904;18.98791;20.25816;22.00051;24.25495;25.77354888;26.97108394;29.08029503;30.73222122
M;18.29166667;17.97573;18.37122;19.03198;20.30569;22.05229;24.31129;25.83225207;27.03121333;29.14190734;30.79400211
M;18.375;18.01634;18.41299;19.07563;20.35279;22.10371;24.36742;25.89092687;27.09149434;29.20408599;30.85676906
M;18.45833333;18.05652;18.45432;19.11884;20.39947;22.15476;24.42335;25.94958116;27.15194482;29.26687079;30.92058278
M;18.54166667;18.09626;18.4952;19.16159;20.44569;22.20541;24.47907;26.00822631;27.21258528;29.33030127;30.9855
M;18.625;18.13555;18.53562;19.20387;20.49145;22.25567;24.53459;26.06687321;27.27343608;29.39441777;31.05157949
M;18.70833333;18.17437;18.57556;19.24567;20.53674;22.30553;24.58991;26.1255331;27.33451796;29.45926122;31.1188808
M;18.79166667;18.2127;18.615;19.28696;20.58153;22.35497;24.64502;26.18421759;27.39585208;29.52487306;31.18746427
M;18.875;18.25052;18.65393;19.32773;20.62582;22.40399;24.69994;26.24293861;27.45746001;29.59129532;31.25739102
M;18.95833333;18.28782;18.69233;19.36797;20.66959;22.45257;24.75466;26.30170723;27.51936283;29.65857091;31.32872478
M;19.04166667;18.32459;18.73019;19.40766;20.71283;22.50072;24.80919;26.36053932;27.58158516;29.72674204;31.40152344
M;19.125;18.3608;18.76748;19.44678;20.75552;22.54841;24.86352;26.41944523;27.64414785;29.79585303;31.47585441
M;19.20833333;18.39643;18.8042;19.48531;20.79766;22.59565;24.91767;26.47843912;27.70707459;29.86594782;31.55178078
M;19.29166667;18.43148;18.84031;19.52325;20.83922;22.64243;24.97163;26.53753478;27.77038891;29.93707103;31.62936748
M;19.375;18.46591;18.87581;19.56057;20.88019;22.68873;25.02542;26.59674639;27.83411475;30.00926778;31.7086802
M;19.45833333;18.49972;18.91068;19.59726;20.92056;22.73456;25.07902;26.65608851;27.89827645;30.08258369;31.78978539
M;19.54166667;18.53287;18.94489;19.6333;20.96032;22.7799;25.13246;26.71557609;27.96289869;30.15706484;31.87275025
M;19.625;18.56536;18.97844;19.66867;20.99946;22.82474;25.18572;26.77522448;28.0280066;30.23275779;31.95764272
M;19.70833333;18.59716;19.01129;19.70335;21.03795;22.86909;25.23883;26.83505132;28.09362697;30.30970901;32.04452853
M;19.79166667;18.62825;19.04343;19.73733;21.07579;22.91293;25.29179;26.89506944;28.15978336;30.387967;32.13348232
M;19.875;18.65861;19.07484;19.7706;21.11296;22.95626;25.34459;26.95529697;28.22650313;30.46757924;32.22457182
M;19.95833333;18.68822;19.10551;19.80312;21.14946;22.99908;25.39725;27.01575092;28.29381294;30.54859414;32.31786791
M;20;18.70274;19.12055;19.8191;21.16745;23.02029;25.42353;27.04606818;28.32769753;30.58964285;32.36536586
F;2;14.14735;14.39787;14.80134;15.52808;16.4234;17.42746;18.01820579;18.44139317;19.10623522;19.56410958
F;2.041666667;14.13226;14.38019;14.77965;15.49976;16.38804;17.38582;17.97371413;18.39526372;19.05823845;19.51534333
F;2.125;14.10241;14.34527;14.73695;15.44422;16.31897;17.30485;17.88748812;18.30610782;18.9659499;19.42197989
F;2.208333333;14.07297;14.31097;14.69516;15.39015;16.25208;17.22693;17.80489051;18.22103253;18.87853388;19.33410382
F;2.291666667;14.04396;14.27728;14.65429;15.33754;16.18735;17.15202;17.72586396;18.13997016;18.79590999;19.25163039
F;2.375;14.01538;14.2442;14.61434;15.2864;16.12475;17.08009;17.65035137;18.06285334;18.71799839;19.17447582
F;2.458333333;13.98723;14.21175;14.57531;15.23671;16.06429;17.01107;17.57829774;17.98961595;18.64471845;19.10255392
F;2.541666667;13.9595;14.17992;14.5372;15.18848;16.00593;16.94495;17.50964839;17.92019231;18.5759903;19.03577948
F;2.625;13.93221;14.14871;14.50003;15.14171;15.94967;16.88168;17.44434994;17.85451773;18.51173402;18.97406651
F;2.708333333;13.90536;14.11813;14.46378;15.09638;15.89548;16.82123;17.38235043;17.79252859;18.45186978;18.91732801
F;2.791666667;13.87893;14.08818;14.42846;15.0525;15.84336;16.76355;17.32359846;17.73416201;18.39631848;18.86547771
F;2.875;13.85295;14.05885;14.39406;15.01007;15.79329;16.70862;17.26804436;17.67935646;18.34500099;18.81842784
F;2.958333333;13.82741;14.03016;14.3606;14.96907;15.74526;16.65641;17.21563951;17.62805146;18.29783876;18.7760905
F;3.041666667;13.8023;14.00209;14.32806;14.9295;15.69924;16.60687;17.16633643;17.5801877;18.25475381;18.73837743
F;3.125;13.77763;13.97466;14.29645;14.89136;15.65523;16.55998;17.12008872;17.53570705;18.21566879;18.70520011
F;3.208333333;13.75341;13.94786;14.26576;14.85465;15.61321;16.5157;17.07685104;17.49455256;18.18050711;18.67646985
F;3.291666667;13.72964;13.92169;14.23599;14.81934;15.57317;16.474;17.03657894;17.45666842;18.14919304;18.65209796
F;3.375;13.70631;13.89615;14.20714;14.78544;15.53508;16.43486;16.99922885;17.42199993;18.12165176;18.63199585
F;3.458333333;13.68343;13.87124;14.1792;14.75293;15.49893;16.39824;16.96475788;17.39049347;18.09780945;18.61607518
F;3.541666667;13.66101;13.84697;14.15218;14.7218;15.4647;16.36411;16.93312378;17.36209639;18.07759336;18.60424802
F;3.625;13.63905;13.82333;14.12606;14.69205;15.43238;16.33244;16.90428477;17.33675699;18.06093184;18.59642696
F;3.708333333;13.61756;13.80033;14.10084;14.66365;15.40193;16.3032;16.87819947;17.31442438;18.04775438;18.59252526
F;3.791666667;13.59654;13.77796;14.07653;14.63661;15.37335;16.27636;16.85482681;17.29504843;18.03799161;18.59245694
F;3.875;13.57599;13.75624;14.05311;14.61091;15.34661;16.25188;16.83412628;17.27857995;18.03157513;18.59613624
F;3.958333333;13.55592;13.73516;14.03059;14.58652;15.32168;16.22973;16.81605638;17.2649696;18.02843822;18.6034803
F;4.041666667;13.53635;13.71472;14.00895;14.56345;15.29855;16.20988;16.80057671;17.25416922;18.02851473;18.61440545
F;4.125;13.51728;13.69493;13.9882;14.54167;15.27719;16.19229;16.78764654;17.24613088;18.03173977;18.62882971
F;4.208333333;13.4987;13.67579;13.96833;14.52117;15.25757;16.17693;16.77722512;17.24080701;18.03804946;18.64667225
F;4.291666667;13.48065;13.65731;13.94933;14.50194;15.23967;16.16378;16.76927159;17.23815034;18.04738091;18.66785338
F;4.375;13.46311;13.63948;13.93121;14.48396;15.22347;16.15278;16.76374505;17.23811389;18.05967216;18.6922946
F;4.458333333;13.4461;13.62231;13.91396;14.46721;15.20894;16.14391;16.76060449;17.24065086;18.0748621;18.71991859
F;4.541666667;13.42963;13.6058;13.89757;14.45169;15.19606;16.13714;16.75980884;17.24571467;18.09289045;18.75064919
F;4.625;13.4137;13.58997;13.88205;14.43738;15.1848;16.13242;16.76131695;17.25325891;18.11369768;18.78441142
F;4.708333333;13.39833;13.5748;13.86739;14.42427;15.17513;16.12972;16.76508763;17.2632373;18.13722499;18.82113141
F;4.791666667;13.38352;13.56031;13.85358;14.41233;15.16703;16.12901;16.77107966;17.27560372;18.16341422;18.86073644
F;4.875;13.36927;13.54649;13.84062;14.40156;15.16047;16.13025;16.77925184;17.29031217;18.19220786;18.90315485
F;4.958333333;13.35561;13.53336;13.82852;14.39194;15.15543;16.1334;16.78956298;17.30731682;18.22354893;18.94831604
F;5.041666667;13.34252;13.52091;13.81726;14.38345;15.15188;16.13843;16.80197195;17.32657196;18.25738105;18.99615046
F;5.125;13.33003;13.50915;13.80684;14.37609;15.1498;16.14531;16.81643792;17.34803218;18.29364826;19.04658918
F;5.208333333;13.31814;13.49808;13.79726;14.36984;15.14917;16.154;16.83291965;17.37165187;18.33229525;19.09956514
F;5.291666667;13.30685;13.4877;13.78852;14.36469;15.14995;16.16446;16.85137625;17.39738575;18.37326713;19.15501183
F;5.375;13.29618;13.47802;13.78061;14.36062;15.15213;16.17665;16.87176785;17.42518932;18.41650918;19.21286229
F;5.458333333;13.28612;13.46903;13.77353;14.35762;15.15567;16.19056;16.89405345;17.45501735;18.46196754;19.27305261
F;5.541666667;13.27668;13.46075;13.76728;14.35567;15.16056;16.20613;16.91819285;17.48682523;18.50958858;19.33551875
F;5.625;13.26788;13.45317;13.76185;14.35478;15.16678;16.22334;16.94414613;17.52056863;18.55931907;19.40019747
F;5.708333333;13.2597;13.4463;13.75724;14.35491;15.17429;16.24214;16.97187362;17.55620345;18.6111062;19.46702632
F;5.791666667;13.25217;13.44013;13.75345;14.35606;15.18309;16.26252;17.00133593;17.5936859;18.6648976;19.53594365
F;5.875;13.24528;13.43467;13.75047;14.35823;15.19313;16.28443;17.03249399;17.63297244;18.72064127;19.60688859
F;5.958333333;13.23904;13.42991;13.7483;14.36138;15.20441;16.30785;17.065309;17.67401984;18.77828567;19.67980103
F;6.041666667;13.23345;13.42587;13.74694;14.36552;15.2169;16.33273;17.09974172;17.7167845;18.83777954;19.75462234
F;6.125;13.22851;13.42254;13.74637;14.37063;15.23058;16.35906;17.13575468;17.7612244;18.89907229;19.83129333
F;6.208333333;13.22423;13.41992;13.74661;14.3767;15.24543;16.38679;17.17330968;17.80729692;18.96211354;19.90975644
F;6.291666667;13.22062;13.41801;13.74764;14.38372;15.26142;16.41589;17.21236911;17.85496;19.02685341;19.9899546
F;6.375;13.21766;13.41681;13.74946;14.39168;15.27854;16.44633;17.25289572;17.90417191;19.09324243;20.07183146
F;6.458333333;13.21538;13.41632;13.75206;14.40056;15.29676;16.47809;17.29485256;17.95489128;19.16123158;20.15533137
F;6.541666667;13.21376;13.41654;13.75544;14.41035;15.31607;16.51113;17.33820304;18.00707707;19.23077228;20.24039941
F;6.625;13.21281;13.41748;13.75961;14.42104;15.33644;16.54542;17.38291092;18.06068861;19.30181639;20.32698132
F;6.708333333;13.21253;13.41912;13.76454;14.43263;15.35785;16.58094;17.42894029;18.11568557;19.37431624;20.41502357
F;6.791666667;13.21293;13.42147;13.77024;14.44509;15.38029;16.61764;17.4762556;18.17202801;19.44822461;20.5044733
F;6.875;13.214;13.42453;13.7767;14.45842;15.40374;16.65551;17.52482162;18.22967635;19.52349477;20.59527834
F;6.958333333;13.21574;13.42829;13.78393;14.47261;15.42817;16.69451;17.57460349;18.28859138;19.60008044;20.68738721
F;7.041666667;13.21816;13.43276;13.7919;14.48765;15.45357;16.73462;17.6255667;18.34873428;19.67793583;20.7807491
F;7.125;13.22125;13.43793;13.80063;14.50352;15.47991;16.7758;17.67767708;18.4100666;19.75701564;20.8753139
F;7.208333333;13.22502;13.4438;13.8101;14.52021;15.50718;16.81803;17.7309008;18.47255029;19.83727506;20.97103216
F;7.291666667;13.22946;13.45037;13.8203;14.53772;15.53537;16.86129;17.78520438;18.53614768;19.91866977;21.06785511
F;7.375;13.23458;13.45764;13.83124;14.55603;15.56444;16.90553;17.8405547;18.60082149;20.00115598;21.16573466
F;7.458333333;13.24037;13.4656;13.8429;14.57513;15.59439;16.95075;17.89691898;18.66653485;20.08469037;21.2646234
F;7.541666667;13.24683;13.47425;13.85529;14.59501;15.6252;16.9969;17.95426475;18.73325124;20.16923016;21.3644746
F;7.625;13.25397;13.48359;13.86839;14.61566;15.65684;17.04396;18.01255992;18.80093458;20.25473307;21.46524221
F;7.708333333;13.26177;13.49362;13.88221;14.63706;15.6893;17.09191;18.07177271;18.86954915;20.34115737;21.56688088
F;7.791666667;13.27025;13.50432;13.89673;14.65922;15.72257;17.14072;18.13187166;18.93905963;20.42846182;21.66934595
F;7.875;13.27939;13.51571;13.91194;14.68211;15.75662;17.19037;18.19282565;19.00943108;20.51660573;21.77259347
F;7.958333333;13.28919;13.52777;13.92785;14.70572;15.79143;17.24082;18.25460388;19.08062897;20.60554896;21.87658015
F;8.041666667;13.29966;13.5405;13.94445;14.73005;15.827;17.29206;18.31717594;19.15261918;20.69525186;21.98126336
F;8.125;13.31079;13.5539;13.96173;14.75508;15.86329;17.34405;18.38051241;19.22536854;20.78567525;22.08660008
F;8.208333333;13.32257;13.56797;13.97968;14.78081;15.9003;17.39678;18.44458291;19.29884326;20.87678068;22.19254999
F;8.291666667;13.33502;13.58269;13.99829;14.80722;15.93802;17.45022;18.50935798;19.3730104;20.96853014;22.29907253
F;8.375;13.34811;13.59807;14.01757;14.8343;15.97641;17.50434;18.57480931;19.44783809;21.06088607;22.4061266
F;8.458333333;13.36185;13.6141;14.03751;14.86204;16.01546;17.55912;18.6409074;19.52329364;21.15381165;22.51367407
F;8.541666667;13.37624;13.63077;14.05809;14.89043;16.05517;17.61454;18.70762408;19.59934557;21.24727049;22.62167597
F;8.625;13.39126;13.64809;14.07931;14.91946;16.09551;17.67057;18.77493214;19.67596331;21.34122666;22.73009308
F;8.708333333;13.40693;13.66605;14.10116;14.94911;16.13646;17.7272;18.84280276;19.75311515;21.43564505;22.8388898
F;8.791666667;13.42323;13.68463;14.12364;14.97938;16.17801;17.78438;18.91120897;19.830771;21.5304909;22.94802887
F;8.875;13.44016;13.70384;14.14675;15.01026;16.22014;17.84212;18.98012366;19.90890079;21.62573005;23.05747448
F;8.958333333;13.45772;13.72368;14.17046;15.04173;16.26284;17.90037;19.04952063;19.98747533;21.72132885;23.16719057
F;9.041666667;13.4759;13.74413;14.19478;15.07378;16.30609;17.95912;19.11937316;20.06646519;21.8172543;23.27714304
F;9.125;13.4947;13.76519;14.2197;15.10641;16.34988;18.01835;19.18965453;20.14584104;21.91347402;23.38729906
F;9.208333333;13.51411;13.78685;14.2452;15.1396;16.39418;18.07803;19.26034062;20.22557581;22.00995586;23.49762289
F;9.291666667;13.53412;13.80911;14.27129;15.17334;16.43899;18.13815;19.33140487;20.30564061;22.10666864;23.60808381
F;9.375;13.55474;13.83197;14.29796;15.20762;16.48428;18.19867;19.4028226;20.38600821;22.20358151;23.71864933
F;9.458333333;13.57596;13.85541;14.32519;15.24242;16.53005;18.25959;19.47456869;20.46665117;22.30066429;23.82928884
F;9.541666667;13.59777;13.87943;14.35298;15.27775;16.57627;18.32088;19.54662051;20.5475442;22.39788709;23.9399692
F;9.625;13.62017;13.90402;14.38132;15.31358;16.62293;18.38251;19.6189515;20.628659;22.49522108;24.05066418
F;9.708333333;13.64315;13.92918;14.4102;15.3499;16.67002;18.44447;19.69153965;20.70997108;22.59263755;24.16134214
F;9.791666667;13.6667;13.9549;14.43962;15.38671;16.71751;18.50675;19.7643612;20.79145469;22.69010855;24.27197506
F;9.875;13.69082;13.98118;14.46957;15.42399;16.7654;18.5693;19.83739314;20.87308482;22.78760665;24.38253502
F;9.958333333;13.7155;14.008;14.50003;15.46173;16.81368;18.63213;19.91061278;20.9548369;22.88510501;24.49299479
F;10.04166667;13.74074;14.03535;14.531;15.49992;16.86231;18.6952;19.98399779;21.03668675;22.98257733;24.60332779
F;10.125;13.76653;14.06324;14.56247;15.53855;16.9113;18.7585;20.05752615;21.11861063;23.07999788;24.7135081
F;10.20833333;13.79287;14.09166;14.59444;15.57761;16.96062;18.82202;20.13117619;21.20058521;23.17734149;24.8235105
F;10.29166667;13.81974;14.12059;14.62688;15.61709;17.01026;18.88572;20.20492657;21.28258757;23.27458358;24.93331042
F;10.375;13.84714;14.15003;14.6598;15.65696;17.06021;18.94959;20.27875629;21.36459523;23.3717001;25.04288396
F;10.45833333;13.87506;14.17997;14.69319;15.69724;17.11045;19.01362;20.35264468;21.44658611;23.46866758;25.1522079
F;10.54166667;13.9035;14.21041;14.72703;15.73789;17.16097;19.07779;20.42657139;21.52853856;23.56546313;25.26125968
F;10.625;13.93244;14.24133;14.76132;15.77891;17.21174;19.14207;20.50051644;21.61043134;23.6620644;25.37001743
F;10.70833333;13.96188;14.27272;14.79605;15.8203;17.26277;19.20645;20.57446015;21.69224364;23.7584496;25.47845992
F;10.79166667;13.99182;14.30459;14.8312;15.86203;17.31403;19.27091;20.64838321;21.77395506;23.85459754;25.58656661
F;10.875;14.02224;14.33691;14.86677;15.9041;17.36551;19.33544;20.72226661;21.85554562;23.95048756;25.69431763
F;10.95833333;14.05314;14.36969;14.90275;15.94649;17.41719;19.40001;20.79609169;21.93699575;24.04609957;25.80169379
F;11.04166667;14.0845;14.4029;14.93913;15.98919;17.46907;19.46462;20.86984014;22.01828633;24.14141407;25.90867656
F;11.125;14.11633;14.43656;14.9759;16.0322;17.52112;19.52924;20.94349396;22.09939861;24.23641208;26.01524807
F;11.20833333;14.1486;14.47063;15.01305;16.07549;17.57333;19.59386;21.01703489;22.18031382;24.33107526;26.12139201
F;11.29166667;14.18132;14.50512;15.05056;16.11907;17.6257;19.65846;21.09044653;22.26101479;24.4253857;26.22709056
F;11.375;14.21447;14.54002;15.08844;16.1629;17.6782;19.72302;21.16371155;22.34148377;24.51932616;26.33232837
F;11.45833333;14.24805;14.57531;15.12666;16.207;17.73082;19.78754;21.2368133;22.42170373;24.61287993;26.43709027
F;11.54166667;14.28204;14.61099;15.16522;16.25134;17.78356;19.85199;21.30973548;22.50165801;24.70603086;26.54136175
F;11.625;14.31643;14.64705;15.20411;16.2959;17.83638;19.91636;21.38246211;22.58133043;24.79876336;26.64512897
F;11.70833333;14.35122;14.68347;15.24332;16.34069;17.88929;19.98063;21.45497756;22.66070517;24.89106241;26.74837878
F;11.79166667;14.3864;14.72025;15.28283;16.38568;17.94227;20.0448;21.52726655;22.73976686;24.98291353;26.85109867
F;11.875;14.42195;14.75737;15.32264;16.43087;17.99531;20.10884;21.5993141;22.81850056;25.07430281;26.95327681
F;11.95833333;14.45788;14.79484;15.36274;16.47625;18.04838;20.17274;21.6711056;22.89689172;25.16521691;27.05490205
F;12.04166667;14.49415;14.83262;15.40311;16.52179;18.10149;20.23648;21.74262677;22.97492622;25.25564304;27.15596389
F;12.125;14.53078;14.87073;15.44374;16.5675;18.15461;20.30006;21.81386368;23.05259037;25.34556897;27.25645252
F;12.20833333;14.56773;14.90914;15.48462;16.61335;18.20774;20.36346;21.88480271;23.12987089;25.43498301;27.35635878
F;12.29166667;14.60502;14.94784;15.52574;16.65934;18.26085;20.42667;21.95543061;23.20675491;25.52387405;27.45567419
F;12.375;14.64262;14.98682;15.5671;16.70546;18.31395;20.48967;22.02573445;23.28322999;25.61223153;27.55439092
F;12.45833333;14.68052;15.02607;15.60867;16.75168;18.36701;20.55245;22.09570166;23.35928412;25.70004544;27.65250183
F;12.54166667;14.71871;15.06559;15.65044;16.79801;18.42002;20.61499;22.16531999;23.43490568;25.78730634;27.75000043
F;12.625;14.75718;15.10535;15.69241;16.84442;18.47298;20.67729;22.23457754;23.51008349;25.87400532;27.8468809
F;12.70833333;14.79592;15.14535;15.73456;16.89091;18.52586;20.73934;22.30346276;23.58480678;25.96013405;27.9431381
F;12.79166667;14.83492;15.18558;15.77689;16.93746;18.57866;20.80112;22.37196443;23.65906521;26.04568474;28.03876753
F;12.875;14.87417;15.22602;15.81937;16.98407;18.63136;20.86261;22.44007167;23.73284885;26.13065016;28.13376538
F;12.95833333;14.91365;15.26666;15.86199;17.03071;18.68396;20.92382;22.50777397;23.80614819;26.21502362;28.22812848
F;13.04166667;14.95335;15.30749;15.90476;17.07738;18.73643;20.98472;22.57506113;23.87895414;26.298799;28.32185435
F;13.125;14.99326;15.34849;15.94764;17.12407;18.78878;21.04531;22.6419233;23.95125804;26.38197072;28.41494115
F;13.20833333;15.03336;15.38966;15.99063;17.17076;18.84098;21.10557;22.70835101;24.02305164;26.46453376;28.50738772
F;13.29166667;15.07365;15.43098;16.03372;17.21744;18.89302;21.1655;22.77433508;24.0943271;26.54648363;28.59919355
F;13.375;15.11411;15.47244;16.0769;17.26409;18.9449;21.22508;22.83986672;24.16507702;26.62781643;28.69035881
F;13.45833333;15.15473;15.51403;16.12014;17.31072;18.9966;21.28431;22.90493747;24.23529442;26.70852876;28.7808843
F;13.54166667;15.19549;15.55572;16.16345;17.35729;19.04811;21.34317;22.96953922;24.30497273;26.78861781;28.8707715
F;13.625;15.23639;15.59752;16.2068;17.40381;19.09942;21.40166;23.03366421;24.37410579;26.8680813;28.96002256
F;13.70833333;15.2774;15.63941;16.25018;17.45026;19.15052;21.45977;23.09730502;24.4426879;26.94691749;29.04864025
F;13.79166667;15.31852;15.68136;16.29358;17.49662;19.20139;21.51749;23.16045458;24.51071375;27.02512521;29.13662805
F;13.875;15.35972;15.72338;16.33699;17.54289;19.25204;21.5748;23.2231062;24.57817846;27.10270382;29.22399004
F;13.95833333;15.40101;15.76544;16.38039;17.58905;19.30243;21.63171;23.28525349;24.64507758;27.17965324;29.31073101
F;14.04166667;15.44235;15.80753;16.42378;17.63509;19.35257;21.68819;23.34689045;24.71140708;27.25597392;29.39685635
F;14.125;15.48374;15.84964;16.46712;17.68099;19.40245;21.74426;23.40801143;24.77716335;27.33166687;29.48237214
F;14.20833333;15.52517;15.89175;16.51042;17.72675;19.45204;21.79989;23.46861112;24.8423432;27.40673363;29.56728511
F;14.29166667;15.56661;15.93385;16.55366;17.77236;19.50136;21.85508;23.52868458;24.90694389;27.4811763;29.65160263
F;14.375;15.60805;15.97592;16.59682;17.81779;19.55037;21.90982;23.5882272;24.97096308;27.55499753;29.73533271
F;14.45833333;15.64949;16.01795;16.63989;17.86304;19.59907;21.96411;23.64723476;25.03439887;27.62820049;29.81848403
F;14.54166667;15.69089;16.05992;16.68286;17.90809;19.64746;22.01794;23.70570337;25.09724977;27.70078892;29.90106591
F;14.625;15.73225;16.10183;16.72571;17.95294;19.69552;22.0713;23.76362952;25.15951476;27.77276709;29.9830883
F;14.70833333;15.77356;16.14364;16.76842;17.99756;19.74325;22.12419;23.82101004;25.22119319;27.84413981;30.06456182
F;14.79166667;15.81478;16.18536;16.81099;18.04195;19.79062;22.1766;23.87784214;25.28228489;27.91491246;30.14549772
F;14.875;15.85592;16.22696;16.8534;18.0861;19.83764;22.22852;23.93412338;25.3427901;27.98509093;30.22590789
F;14.95833333;15.89695;16.26842;16.89563;18.12998;19.88429;22.27996;23.98985168;25.40270949;28.05468167;30.30580486
F;15.04166667;15.93785;16.30974;16.93767;18.1736;19.93057;22.3309;24.04502533;25.46204417;28.12369169;30.3852018
F;15.125;15.97862;16.35089;16.97951;18.21693;19.97646;22.38135;24.09964299;25.52079568;28.19212851;30.46411251
F;15.20833333;16.01923;16.39185;17.02112;18.25996;20.02195;22.43128;24.15370368;25.578966;28.26000023;30.54255145
F;15.29166667;16.05966;16.43262;17.0625;18.30269;20.06704;22.48072;24.20720678;25.63655753;28.32731547;30.62053368
F;15.375;16.0999;16.47318;17.10363;18.3451;20.11172;22.52963;24.26015204;25.69357313;28.3940834;30.69807493
F;15.45833333;16.13993;16.51351;17.14448;18.38717;20.15598;22.57804;24.3125396;25.75001608;28.46031375;30.77519152
F;15.54166667;16.17973;16.55358;17.18506;18.42889;20.19981;22.62592;24.36436993;25.80589011;28.52601678;30.85190042
F;15.625;16.21929;16.5934;17.22534;18.47025;20.2432;22.67329;24.41564391;25.86119939;28.59120331;30.92821925
F;15.70833333;16.25859;16.63293;17.2653;18.51124;20.28614;22.72013;24.46636278;25.91594853;28.6558847;31.00416621
F;15.79166667;16.2976;16.67216;17.30494;18.55184;20.32862;22.76644;24.51652812;25.97014258;28.72007286;31.07976017
F;15.875;16.33631;16.71107;17.34423;18.59205;20.37064;22.81222;24.56614194;26.02378703;28.78378025;31.15502058
F;15.95833333;16.37471;16.74965;17.38316;18.63184;20.41219;22.85747;24.61520657;26.07688783;28.84701989;31.22996756
F;16.04166667;16.41277;16.78787;17.42171;18.67121;20.45326;22.90219;24.66372475;26.12945136;28.90980533;31.30462183
F;16.125;16.45047;16.82573;17.45986;18.71015;20.49383;22.94637;24.71169957;26.18148447;28.97215071;31.37900471
F;16.20833333;16.4878;16.8632;17.49761;18.74863;20.53392;22.99002;24.75913451;26.23299442;29.03407069;31.45313817
F;16.29166667;16.52473;16.90025;17.53492;18.78665;20.57349;23.03313;24.80603342;26.28398896;29.0955805;31.5270448
F;16.375;16.56124;16.93689;17.5718;18.82419;20.61256;23.07571;24.85240053;26.33447627;29.15669594;31.6007478
F;16.45833333;16.59733;16.97308;17.60821;18.86125;20.65111;23.11774;24.89824041;26.38446498;29.21743336;31.67427098
F;16.54166667;16.63295;17.0088;17.64415;18.8978;20.68912;23.15924;24.94355805;26.43396418;29.27780966;31.74763877
F;16.625;16.66811;17.04404;17.67959;18.93384;20.72661;23.2002;24.98835785;26.48298259;29.33784232;31.8208776
F;16.70833333;16.70276;17.07879;17.71452;18.96935;20.76355;23.24062;25.03264836;26.53153263;29.39754939;31.89400908
F;16.79166667;16.7369;17.11301;17.74892;19.00432;20.79994;23.28051;25.07643282;26.57962232;29.45694948;31.96706354
F;16.875;16.77051;17.14669;17.78278;19.03874;20.83578;23.31986;25.11971866;26.62726338;29.51606178;32.04006655
F;16.95833333;16.80356;17.17981;17.81607;19.07258;20.87105;23.35867;25.16251271;26.67446717;29.57490604;32.11304561
F;17.04166667;16.83603;17.21234;17.84878;19.10585;20.90576;23.39696;25.20482218;26.7212455;29.63350259;32.18602887
F;17.125;16.8679;17.24429;17.88089;19.13852;20.93988;23.43471;25.24665348;26.76760965;29.69187236;32.25904682
F;17.20833333;16.89915;17.2756;17.91238;19.17059;20.97343;23.47193;25.28801794;26.81357526;29.75003682;32.33212376
F;17.29166667;16.92975;17.30628;17.94324;19.20204;21.00638;23.50863;25.32892108;26.85915312;29.80801808;32.40529387
F;17.375;16.95969;17.3363;17.97344;19.23285;21.03874;23.5448;25.3693713;26.90435663;29.8658388;32.47858818
F;17.45833333;16.98894;17.36564;18.00298;19.26301;21.07049;23.58045;25.40937929;26.94920132;29.92352223;32.55203545
F;17.54166667;17.01749;17.39427;18.03182;19.29252;21.10163;23.61558;25.44895346;26.9937009;29.98109225;32.62566902
F;17.625;17.0453;17.42218;18.05996;19.32135;21.13216;23.65019;25.48810377;27.03787056;30.03857329;32.69952105
F;17.70833333;17.07236;17.44935;18.08737;19.34949;21.16206;23.68429;25.52684029;27.08172575;30.09599042;32.77362474
F;17.79166667;17.09864;17.47576;18.11403;19.37693;21.19134;23.71788;25.56517184;27.12528094;30.15336926;32.84801632
F;17.875;17.12413;17.50137;18.13993;19.40366;21.21997;23.75097;25.603114;27.16855668;30.21073618;32.92272296
F;17.95833333;17.14879;17.52618;18.16505;19.42965;21.24797;23.78356;25.64067435;27.21156668;30.26811799;32.9977851
F;18.04166667;17.1726;17.55015;18.18937;19.45491;21.27532;23.81564;25.67786376;27.25432769;30.32554216;33.07323931
F;18.125;17.19555;17.57328;18.21286;19.47941;21.30202;23.84724;25.714697;27.29685999;30.38303689;33.14911749
F;18.20833333;17.2176;17.59553;18.23552;19.50314;21.32805;23.87835;25.75118107;27.33917721;30.44063073;33.22546443
F;18.29166667;17.23874;17.61689;18.25732;19.52608;21.35343;23.90898;25.7873338;27.38130268;30.49835324;33.30230965
F;18.375;17.25894;17.63733;18.27824;19.54823;21.37812;23.93912;25.82316611;27.42325378;30.55623433;33.37969431
F;18.45833333;17.27818;17.65683;18.29826;19.56957;21.40215;23.9688;25.85869115;27.46505002;30.61430463;33.45765732
F;18.54166667;17.29643;17.67537;18.31736;19.59008;21.42548;23.99801;25.89392241;27.50671138;30.67259539;33.53623826
F;18.625;17.31367;17.69293;18.33552;19.60975;21.44813;24.02676;25.92887369;27.54825824;30.73113849;33.61547736
F;18.70833333;17.32987;17.70948;18.35273;19.62857;21.47008;24.05505;25.96355908;27.58971144;30.78996648;33.69541553
F;18.79166667;17.34501;17.725;18.36896;19.64651;21.49134;24.08289;25.99799301;27.63109226;30.84911253;33.77609435
F;18.875;17.35907;17.73946;18.38419;19.66358;21.51188;24.11029;26.03219019;27.67242239;30.90861047;33.8575561
F;18.95833333;17.37203;17.75286;18.39841;19.67975;21.53171;24.13725;26.06616563;27.71372396;30.96849476;33.93984372
F;19.04166667;17.38385;17.76515;18.41159;19.695;21.55082;24.16378;26.09993465;27.75501954;31.02880054;34.02300086
F;19.125;17.39451;17.77632;18.42371;19.70933;21.56921;24.18988;26.13351285;27.7963321;31.08956357;34.10707184
F;19.20833333;17.40399;17.78635;18.43475;19.72272;21.58686;24.21557;26.16691611;27.83768505;31.1508203;34.1921017
F;19.29166667;17.41226;17.79521;18.4447;19.73516;21.60378;24.24084;26.20016061;27.87910223;31.21260782;34.27813617
F;19.375;17.4193;17.80288;18.45352;19.74662;21.61996;24.26571;26.23326279;27.92060786;31.27496389;34.3652217
F;19.45833333;17.42508;17.80934;18.46121;19.7571;21.63539;24.29019;26.26623937;27.9622266;31.33792691;34.45340544
F;19.54166667;17.42958;17.81456;18.46773;19.76658;21.65006;24.31427;26.29911039;28.00398629;31.40153631;34.54273066
F;19.625;17.43278;17.81852;18.47308;19.77505;21.66397;24.33798;26.33188509;28.04590512;31.46583097;34.6332581
F;19.70833333;17.43465;17.82119;18.47722;19.78248;21.67712;24.3613;26.36458581;28.08801335;31.53085181;34.72502979
F;19.79166667;17.43515;17.82256;18.48014;19.78887;21.68949;24.38426;26.39723077;28.13033767;31.59663995;34.81809511
F;19.875;17.43427;17.82259;18.48182;19.7942;21.70108;24.40686;26.42983873;28.17290543;31.66323724;34.91250374
F;19.95833333;17.43199;17.82127;18.48223;19.79846;21.71189;24.4291;26.4624291;28.21574476;31.73068625;35.00830552
F;20;17.43031;17.82009;18.48196;19.80018;21.717;24.4401;26.47871966;28.23727135;31.76474311;35.05675093
